0.09
0 0 -15
0.97632 0.0157103 0.21576
0 0.99736 -0.0726212
-0.216332 0.0709015 0.973742
1 -10 -70 60
9
1 0 0 70 10 200 200 200 0.1 0.7 1.05 0
0 0 0 -1 180 -205 -160 180 1 0 0 0 1 0 255 300 200 0 0 1 1
Escola_de_atenas_-_vaticano.jpg
0.35 0.35
1 12.1826 0 85.8614 6 255 255 255 0 0 1 1
tex.bmp
0.001 0.001
1 -7.73765 0 98.985 3 0 0 255 0.2 0 1 0
0 1  0 0 100 -100 -100 -100 0 0 -1 0 1 0 200 100 200 0   0 1 1
900px-Deliveranceofstpeter.jpg
0.45 0.45
0 -1 0 0 100  100 -100 -100 0 0 -1 0 1 0 200 100 100 0   0 1 1
900px-Leoattila-Raphael.jpg
0.45 0.45
0 0  0 1 100 -130 -100 -100 1 0  0 0 1 0 200 200 100 0   0 1 1
900px-Raffael_078.jpg
0.3 0.3
0 0  1 0 100 -100 -100  180 0 0 -1 1 0 0 255 170 170 0   0 1 1
1200px-Ceiling_SM_Maggiore.jpg
0.27 0.27
0 0 -1 0 100 -100 -100 -100 0 0  1 1 0 0 255 170 170 0.4 0 1 2 0