0.09
0 0 -15
1 0 0
0 1 0
0 0 1

1
-10 -70 30

9

1
0 0 70 10
200 200 200 0.2 0.7 1.05
0

0
0 0 -1 180
-100 400 180 1 0 0 0 -1 0
255 300 200 0 0 1
1
20140507_180539.jpg
0.3 0.3

0
1 0 0 100
-100 100 -100 0 0 -1 0 -1 0
200 100 200 0 0 1
0

0
-1 0 0 100
100 100 -100 0 0 -1 0 -1 0
200 100 100 0.2 0 1
0

0
0 0 1 100
-100 100 -100 1 0 0 0 -1 0
200 200 100 0.2 0 1
0

0
0 1 0 100
-100 -100 -100 0 0 1 1 0 0
255 170 170 0 0 1
1
1200px-Ceiling_SM_Maggiore.jpg
0.26 0.26

0
0 -1 0 100
-100 -100 -100 0 0 1 1 0 0
255 170 170 0.2 0 1
2 0

1
30 0 70 4
255 0 0 0.5 0 1
0

1
20 10 70 6
255 255 244 0 0 1
1
tex.bmp
0.001 0.001
