0.09
0 0 -15
0.866158 0.0867406 0.492185
0 0.984823 -0.173561
-0.49977 0.150331 0.853013
1 -10 -70 60
9
1 0 0 70 10 200 200 200 0.1 0.7 1.05 0
0 0 0 -1 180 -205 -160 180 1 0 0 0 1 0 255 300 200 0 0 1 1
Escola_de_atenas_-_vaticano.jpg
0.35 0.35
1 20 0 70 6 255 255 255 0 0 1 1
tex.bmp
0.001 0.001
1 30 0 70 3 0 0 255 0.2 0 1 0
0 1  0 0 100 -100 -100 -100 0 0 -1 0 1 0 200 100 200 0   0 1 1
900px-Deliveranceofstpeter.jpg
0.45 0.45
0 -1 0 0 100  100 -100 -100 0 0 -1 0 1 0 200 100 100 0   0 1 1
900px-Leoattila-Raphael.jpg
0.45 0.45
0 0  0 1 100 -130 -100 -100 1 0  0 0 1 0 200 200 100 0   0 1 1
900px-Raffael_078.jpg
0.3 0.3
0 0  1 0 100 -100 -100  180 0 0 -1 1 0 0 255 170 170 0   0 1 1
1200px-Ceiling_SM_Maggiore.jpg
0.27 0.27
0 0 -1 0 100 -100 -100 -100 0 0  1 1 0 0 255 170 170 0.4 0 1 2 0